2.585019858242714255e-02
2.214013443254444699e-02
2.075458220096483564e-02
2.055742232440269102e-02
2.043073590324349584e-02
2.031367034618168643e-02
2.019050698737575450e-02
2.013200321916031391e-02
2.015362535110891765e-02
2.017635129902460925e-02
2.013827996221307162e-02
2.008465333997386942e-02
2.009837430470610281e-02
2.018610022166003951e-02
2.030320491692791385e-02
2.039041586608102835e-02
2.005450001318160799e-02
2.110928029066895875e-02
3.056431599839093058e-02
2.016780819305001929e-02
1.828045449518177559e-02
1.723396845549753434e-02
1.707124764135439093e-02
1.697579070966537609e-02
1.687088892721149910e-02
1.675863699227163328e-02
1.674678467561121001e-02
1.677837857808152366e-02
1.676670206899512350e-02
1.670363049311180542e-02
1.666808331176026364e-02
1.669870966101345833e-02
1.679770847542645315e-02
1.692885280798559280e-02
1.701365693138070373e-02
1.666662557484352436e-02
1.656016016333070398e-02
2.490296180607521476e-02
2.409812369901840126e-02
2.198080618250860055e-02
2.107632303401215518e-02
2.108934046634255988e-02
2.110747043563895170e-02
2.105602210841766783e-02
2.100264581425549323e-02
2.103062062230828810e-02
2.103416126231624772e-02
2.099852744520527142e-02
2.093140537608159657e-02
2.086528436941643277e-02
2.083665000412562168e-02
2.089079317654648701e-02
2.093607527915745600e-02
2.091208534534663363e-02
2.040474983437420495e-02
1.986109887573817012e-02
2.663433285445383075e-02
2.396670002969977092e-02
2.211296147353028485e-02
2.136223573717352386e-02
2.154100738486198693e-02
2.165026604149439607e-02
2.161609286804721738e-02
2.158290016324552682e-02
2.166102992671809641e-02
2.166463313037401972e-02
2.156005942658202265e-02
2.147555983066559010e-02
2.142253862831690683e-02
2.139073357843373005e-02
2.142037631060979275e-02
2.140088097853203378e-02
2.129336660038935042e-02
2.067498024032540446e-02
1.976643135286357267e-02
2.563811366852015647e-02
2.387715543132938600e-02
2.230787485592985661e-02
2.169964004052828480e-02
2.191064641410357325e-02
2.200805707827006158e-02
2.197396111488342241e-02
2.196042180714542075e-02
2.203125643076962042e-02
2.205853018368760313e-02
2.199725198582427182e-02
2.194993475855213164e-02
2.190789728458613500e-02
2.184029516781845967e-02
2.183040520263044779e-02
2.179019655430153649e-02
2.162711823149903248e-02
2.093394438697867080e-02
1.967550493429784733e-02
2.469168678211839177e-02
2.376607123139786240e-02
2.251275569118865380e-02
2.200730918041647263e-02
2.218010422301619142e-02
2.224549604278721129e-02
2.220601224409390895e-02
2.214211995797614463e-02
2.217757334447886808e-02
2.219651332456771750e-02
2.216434792949728907e-02
2.213843168951060841e-02
2.214040397944515640e-02
2.210535934526626500e-02
2.207799056458146711e-02
2.203535271834020787e-02
2.186855290687247586e-02
2.118276709073210404e-02
1.963375120946805885e-02
2.381115153064466625e-02
2.357490108274433796e-02
2.255671877730382538e-02
2.208431481008660269e-02
2.224086897667140045e-02
2.228680083033156636e-02
2.227328303415481228e-02
2.226260468731187936e-02
2.232319526639703344e-02
2.232538502836880698e-02
2.226017238179298433e-02
2.220753116640326180e-02
2.223526725867023060e-02
2.223947463460164420e-02
2.217288781028904296e-02
2.209443256626390448e-02
2.194485083344864529e-02
2.131710539615317562e-02
1.959530705948398649e-02
2.306541999235545148e-02
2.350107794428524938e-02
2.267892627846704659e-02
2.218401456369112693e-02
2.235021114349365276e-02
2.237231851930487556e-02
2.234509876166304587e-02
2.239053942079413315e-02
2.247799872208948099e-02
2.241917620293081698e-02
2.232805091061004082e-02
2.229723428210167099e-02
2.234357228344433996e-02
2.231809217472598833e-02
2.224208701636693278e-02
2.214948255558536402e-02
2.201437820963663555e-02
2.143582222069779358e-02
1.959747757977002222e-02
2.255228671145765793e-02
2.349071307214972010e-02
2.286557219942954994e-02
2.229716705132837179e-02
2.240379977389557811e-02
2.241199078788496182e-02
2.240238163242601332e-02
2.242594912607375965e-02
2.249057527111001167e-02
2.242873935666802807e-02
2.236080293296134613e-02
2.235116401927111918e-02
2.239867119429862774e-02
2.239081695471724365e-02
2.231787487905319278e-02
2.222003743909809620e-02
2.207360360883686701e-02
2.148307860060913801e-02
1.955540598418614717e-02
2.222466663955009053e-02
2.349454928914161689e-02
2.295421921390376763e-02
2.230204856885622741e-02
2.238114557364215620e-02
2.245383862763234914e-02
2.247285756182997030e-02
2.246256074186873605e-02
2.247122801656592506e-02
2.242199010881659044e-02
2.237862533575868049e-02
2.240238578678810377e-02
2.245317928431785418e-02
2.246232557623353832e-02
2.235906093904416886e-02
2.218423496533746681e-02
2.201995761590461176e-02
2.145291207261281613e-02
1.953711349506900841e-02
2.214664605219070215e-02
2.338790040963316733e-02
2.288322950715887885e-02
2.216414482789496807e-02
2.223580171474038789e-02
2.234414779650021818e-02
2.238135194778442458e-02
2.235677976151035154e-02
2.234967762476777406e-02
2.230378046917588786e-02
2.220739759974283550e-02
2.216926670074462896e-02
2.221245201646465314e-02
2.225967322473656682e-02
2.220308682200026681e-02
2.200554056690163726e-02
2.181348208368641059e-02
2.129384611404105260e-02
1.950138641710150861e-02
2.225154574113349243e-02
2.387859509742423433e-02
2.359050452382597043e-02
2.291419919876203082e-02
2.294098488598653868e-02
2.302699946214074866e-02
2.307763631049900704e-02
2.305532399758900702e-02
2.302445618257130747e-02
2.295412389219623692e-02
2.280703246103574222e-02
2.271754847324057927e-02
2.274407968292497736e-02
2.281692995273903665e-02
2.280243086324979310e-02
2.263312081604787820e-02
2.243465860249245145e-02
2.188310085094138241e-02
2.022777345082531208e-02
2.325626929982067825e-02
1.624091004672115895e-02
1.584983760036834388e-02
1.538962255112112307e-02
1.544029927090422721e-02
1.550683851764626635e-02
1.553370020487537112e-02
1.551310213298013815e-02
1.548739965321266517e-02
1.542351080293524745e-02
1.529121053708742788e-02
1.519719337273950366e-02
1.522108766314101552e-02
1.527697180558557424e-02
1.521237608994523149e-02
1.503289709189166781e-02
1.483400774981877626e-02
1.434047919430144792e-02
1.285186747655476559e-02
1.675330318163519017e-02
8.864087279528786931e-03
7.301481307369388912e-03
7.048617808786157048e-03
6.976766524249560127e-03
6.912397084170824636e-03
6.814757105422346480e-03
6.734292129947714277e-03
6.678911805152893191e-03
6.642674121138167527e-03
6.545614510366361098e-03
6.418322089600236695e-03
6.412307339171840689e-03
6.423571400446434140e-03
6.401269865362611659e-03
6.325229948514128273e-03
6.323556059027371674e-03
6.109322934934538138e-03
5.123593330383300649e-03
9.309566617012023093e-03
8.499485005417915795e-02
6.687924204787162874e-02
6.516980220846933791e-02
6.510025578329008134e-02
6.510558235481993250e-02
6.512363491319629605e-02
6.511062708292922330e-02
6.517586574815724398e-02
6.526322916109267291e-02
6.525678139516752352e-02
6.515880260728809659e-02
6.511391332704727364e-02
6.514537748571944120e-02
6.518243559745892646e-02
6.521423857179406425e-02
6.529650860616605101e-02
6.536228984675995779e-02
7.428882964669841771e-02
7.331073123461580299e-02
5.051943162369401663e-02
3.448945481646550903e-02
3.192222270736955886e-02
3.213820119753275917e-02
3.234647437481030785e-02
3.247222834417264753e-02
3.255192157013775400e-02
3.264164276808908388e-02
3.275598023362355504e-02
3.276277930605901723e-02
3.260167209089619156e-02
3.233913946151733415e-02
3.205705508467269343e-02
3.181975575015969643e-02
3.160726630197812498e-02
3.138957742468951456e-02
3.107145622168501833e-02
3.716215533263062670e-02
3.068538425883201790e-02
5.035699241455287439e-02
3.385505357343856353e-02
3.156972180980525261e-02
3.181543408191367384e-02
3.200816891944571752e-02
3.213332925267415457e-02
3.220567392486415464e-02
3.219185133176306890e-02
3.215387987110712720e-02
3.213487824348554289e-02
3.202695734206944395e-02
3.188268107257477557e-02
3.163215499544796971e-02
3.139930325174984660e-02
3.120608584684868292e-02
3.096242791985812093e-02
3.053020060715610010e-02
3.591263437107818091e-02
2.993351561729222163e-02
4.979288751785069383e-02
3.327068632432859246e-02
3.111865158930216674e-02
3.130166231606104632e-02
3.144503654519172769e-02
3.158221514094365634e-02
3.164619816982582740e-02
3.157449790712905241e-02
3.144873514240735524e-02
3.132969990331832544e-02
3.124586789085440422e-02
3.125057556367900197e-02
3.116276945806529391e-02
3.101025707754370350e-02
3.082153871124737946e-02
3.059556111407606485e-02
3.020354654527690474e-02
3.533657408413821976e-02
2.992569441174807582e-02
4.929335709140725275e-02
3.277309631648128718e-02
3.072733219519053344e-02
3.078682850321678294e-02
3.082480348136327000e-02
3.090809495645026675e-02
3.091271923339530131e-02
3.080864554072079708e-02
3.066615165749641408e-02
3.053143331449325801e-02
3.044253197761431079e-02
3.046512891658365030e-02
3.045689712485221898e-02
3.039118497828914578e-02
3.025917534305624934e-02
3.004958107700086631e-02
2.976510287637579993e-02
3.468769749713270650e-02
2.995899658823666586e-02
4.854053201740735068e-02
3.200601676392228478e-02
3.008377025715292322e-02
3.004732146981644453e-02
3.003269112110137917e-02
3.008823946077529565e-02
3.004416080370341316e-02
2.995538514934174140e-02
2.984147008641125504e-02
2.976081133215394831e-02
2.972026854181942720e-02
2.977864839932689925e-02
2.981727962461236392e-02
2.974431868611949678e-02
2.963088954964729349e-02
2.950320607668733067e-02
2.933741294847775835e-02
3.402323342186130972e-02
2.995333657689290552e-02
4.742365014063169154e-02
3.093056859218910881e-02
2.915784081530897742e-02
2.905848401213345297e-02
2.899906285331673925e-02
2.895634234441469765e-02
2.887698714700463742e-02
2.873462365424796217e-02
2.861489468731292368e-02
2.857363357445965105e-02
2.863037554531881398e-02
2.872031834354139487e-02
2.874043552026356654e-02
2.870545878312358995e-02
2.867641911278032141e-02
2.867545581517154385e-02
2.859981479710095587e-02
3.310037278965727997e-02
2.973229113833545170e-02
4.594344879176518598e-02
2.968862498459750796e-02
2.813334360351301203e-02
2.796698211153892527e-02
2.778241223505098501e-02
2.757097346815344519e-02
2.738259007832775233e-02
2.719090665203251211e-02
2.701363110215696667e-02
2.696468131999446918e-02
2.702876138850434165e-02
2.714732398725535831e-02
2.726196963819738778e-02
2.737987071030760500e-02
2.747211484059895389e-02
2.754762938251234181e-02
2.748092519910368126e-02
3.180194963657692608e-02
2.914169493929980384e-02
4.449975672486710526e-02
2.839161442403924027e-02
2.689639079244169478e-02
2.670889885784828374e-02
2.656704257775659508e-02
2.645372712122250752e-02
2.632166181361838414e-02
2.613597892081900853e-02
2.598171432214240600e-02
2.590454578889559226e-02
2.591368089636711391e-02
2.599975656646571695e-02
2.616176184072886365e-02
2.635780976079914531e-02
2.648195719229031950e-02
2.657322617752911134e-02
2.648409891128539889e-02
3.071234860158946270e-02
2.859436151426132319e-02
4.349939880142473375e-02
2.752454124574791813e-02
2.603492604053183820e-02
2.583454329673558203e-02
2.572704805903238898e-02
2.568918391123209757e-02
2.563376916108065992e-02
2.548904157174776766e-02
2.536911735632648227e-02
2.532647164227211367e-02
2.533680788131609241e-02
2.540002472923226506e-02
2.549887374492540784e-02
2.561682079099629125e-02
2.574186596151900597e-02
2.587047554205541833e-02
2.587021826228050325e-02
3.009386166644422919e-02
2.831527712410443487e-02
4.268698733636777654e-02
2.698218404430232503e-02
2.560475222215260679e-02
2.542923386456215351e-02
2.528863096073882127e-02
2.522166444667398033e-02
2.512518817921207542e-02
2.499998077627730783e-02
2.492092968666390074e-02
2.491942266078844490e-02
2.492891787992764993e-02
2.502683881537555097e-02
2.510218151464854372e-02
2.515017649735490010e-02
2.523338467290956594e-02
2.535089729910027651e-02
2.537309051866400850e-02
2.962884313602969985e-02
2.801091026443324611e-02
4.073046973143538280e-02
2.517683325401724043e-02
2.392754460687506607e-02
2.384881982574724169e-02
2.375006048809992151e-02
2.367512996392707320e-02
2.357406359666014417e-02
2.347749072394958794e-02
2.340526870178849875e-02
2.340939957638309490e-02
2.340964604077273858e-02
2.349205379290123658e-02
2.356385377335221826e-02
2.360352218151092613e-02
2.364201208173412339e-02
2.374037393641798346e-02
2.372439784873021928e-02
2.806765875261123949e-02
2.676201230369202114e-02
3.279109371851568477e-02
1.799775411821391558e-02
1.688902687536527128e-02
1.690140842901517379e-02
1.684947380954272128e-02
1.676678897256720507e-02
1.675652532381554163e-02
1.676284305526785576e-02
1.675664329692109003e-02
1.676739545880931784e-02
1.680435657991121920e-02
1.689503918935174667e-02
1.695831020890849888e-02
1.697450502931255323e-02
1.703395391980262741e-02
1.716442096886569568e-02
1.722081583493376492e-02
2.197687990861396309e-02
2.131583262959571567e-02
3.102394237257029980e-02
1.633700061171022150e-02
1.460313798630074288e-02
1.448213847206063394e-02
1.438603475485762499e-02
1.428480390326617583e-02
1.426412372883052032e-02
1.422962882420788014e-02
1.418750798865540431e-02
1.418580372692787410e-02
1.423114604819310930e-02
1.431876500175423804e-02
1.441909850133608548e-02
1.451714286412278225e-02
1.464192630820078389e-02
1.477053270764546768e-02
1.492535270893410523e-02
1.952438511260568346e-02
1.839676338679169937e-02
4.052968268525110676e-03
6.622981825920000801e-03
6.291027527965911692e-03
6.383222575057042811e-03
6.480789246624462860e-03
6.584538753718545932e-03
6.707421180320112877e-03
6.780053342858406024e-03
6.783608488840599943e-03
6.792985346219310681e-03
6.806870661369741546e-03
6.760910328120401692e-03
6.666507235945087588e-03
6.568460892324577867e-03
6.512864114487007701e-03
6.444114234349498926e-03
6.246215426758543708e-03
5.959320161440601060e-03
3.554611392217139464e-03
8.939659791449977577e-03
1.591711198956998960e-02
1.497577449393599006e-02
1.490232739056626329e-02
1.483283656264004595e-02
1.479183610171487875e-02
1.481948858744477557e-02
1.480212116241455024e-02
1.469871897893409128e-02
1.465436643770296268e-02
1.468457563119391837e-02
1.472351716642510480e-02
1.475376670817806282e-02
1.479395495048940919e-02
1.486121638343758725e-02
1.488723586683403897e-02
1.460137738920237911e-02
1.571392689175801771e-02
7.208902125489221983e-03
8.481541447443504550e-03
1.550958398433580770e-02
1.459358338623830721e-02
1.429487496206205237e-02
1.410201652735879919e-02
1.391708186064681031e-02
1.382401179614132364e-02
1.370573032065613636e-02
1.353873925666286560e-02
1.347758205949443726e-02
1.350893574544828266e-02
1.365738747381184219e-02
1.382239269720365003e-02
1.400954158175481482e-02
1.425362107688433501e-02
1.446606365132005294e-02
1.450420173880172074e-02
1.542179261168388424e-02
7.172481788347844986e-03
7.130108093562191433e-03
1.350522194496572848e-02
1.251710665879184232e-02
1.210002415310846603e-02
1.183181376653174785e-02
1.159232658556062952e-02
1.137877213465024288e-02
1.116621560103272723e-02
1.098651165178377367e-02
1.092629998840697822e-02
1.095993682456343141e-02
1.115496981143951349e-02
1.140597557531644254e-02
1.169092853428566232e-02
1.200359948203988218e-02
1.232414772412548411e-02
1.248731172248108805e-02
1.321014289333395826e-02
6.019910474346108244e-03
5.894074345288211232e-03
1.164572834805266584e-02
1.063960983818524469e-02
1.015069978531092827e-02
9.801309830521883273e-03
9.500069454924700216e-03
9.225386306031108791e-03
9.000482518379001803e-03
8.886007013386243089e-03
8.837999469613375125e-03
8.856404665398271217e-03
9.052127465809861259e-03
9.351947129589237989e-03
9.664156433654157857e-03
1.001942813559754224e-02
1.039874331101979348e-02
1.063826167093564340e-02
1.114769209737647045e-02
4.974293387099488171e-03
4.791835783279105136e-03
9.994483025106665197e-03
9.053041103768021472e-03
8.532121757938437856e-03
8.130047061671950154e-03
7.809045497685262495e-03
7.535721754374569321e-03
7.311046172494757925e-03
7.180791533156616682e-03
7.149607228906187072e-03
7.225794752983198156e-03
7.404326061679892233e-03
7.671823813490671884e-03
7.990063819166731349e-03
8.353279001092258141e-03
8.766480530778022334e-03
9.066387423097271164e-03
9.358383335479317569e-03
4.099282013226861546e-03
3.886038350732359033e-03
8.647268675778009561e-03
7.786683141368709246e-03
7.291804903174099566e-03
6.872649591263026159e-03
6.545138297015673165e-03
6.274319114750378894e-03
6.040417071891157272e-03
5.919069040311525712e-03
5.904154364376851608e-03
5.962206587399521661e-03
6.145063929361840177e-03
6.383961043945730364e-03
6.715537730961629488e-03
7.076490173601124312e-03
7.519001318983835856e-03
7.864141034753354548e-03
7.916956988099502560e-03
3.413386179976267421e-03
3.221929871872679634e-03
7.646641554897778796e-03
6.875347374236747029e-03
6.388211423403596448e-03
5.965148574685397338e-03
5.668917260757863966e-03
5.423610375352101547e-03
5.232241746497480472e-03
5.131641286693207522e-03
5.105798313062484724e-03
5.166682749578397314e-03
5.306739431537994128e-03
5.531366215993279919e-03
5.818237652517345253e-03
6.180463834984661897e-03
6.601238809219778583e-03
6.929361124561257343e-03
6.792588800600130039e-03
2.914922879166799170e-03
2.847472958368797713e-03
7.054167074699924274e-03
6.334072661726442358e-03
5.869694750602931325e-03
5.499688844158225065e-03
5.237780984133889872e-03
5.031061855081009337e-03
4.845283194764019724e-03
4.733457308925994103e-03
4.699276182749500055e-03
4.749418529745651034e-03
4.898138588421965464e-03
5.141226606826259857e-03
5.406526449608476358e-03
5.696751160164401605e-03
6.071217721455717496e-03
6.404257199535631079e-03
6.108228484245195426e-03
2.602123430330459224e-03
2.618026086728866570e-03
6.838060730124172898e-03
6.169678034847730225e-03
5.768652164772764858e-03
5.432527310227694591e-03
5.184512709918087485e-03
4.999217433472201953e-03
4.835927657885093905e-03
4.727044139822868252e-03
4.702111309521818903e-03
4.759162084697044458e-03
4.904974744744496420e-03
5.111141717597229503e-03
5.332924904888623405e-03
5.580351052218920915e-03
5.916938332662190388e-03
6.214207467967516538e-03
5.807695610882485093e-03
2.444803840493502654e-03
2.561406525847029995e-03
6.881338614307037395e-03
6.272060141171494942e-03
5.889860009493892885e-03
5.598027918436755679e-03
5.385359801658212188e-03
5.231193287731849932e-03
5.102406911654014735e-03
5.028204365952373966e-03
5.005231331472527120e-03
5.028765840073154414e-03
5.123231074581407682e-03
5.269747750399863748e-03
5.457698270066143470e-03
5.690281252338461916e-03
6.006707341703649769e-03
6.282644658872526405e-03
5.787771022483094094e-03
2.423937435019506235e-03
2.623027698634422013e-03
7.111627875942073788e-03
6.568665653058927689e-03
6.239895634455223244e-03
5.997107259214740603e-03
5.777041766741504610e-03
5.585206038331332577e-03
5.463519738145070255e-03
5.416573416696835938e-03
5.385748049984239935e-03
5.386338088610401198e-03
5.452016907195522330e-03
5.603784765282722284e-03
5.760116240749620781e-03
5.989580263830210707e-03
6.301296351707144812e-03
6.537790665887806621e-03
5.979105978795926438e-03
2.548518233103294964e-03
3.875490324137962229e-03
9.226833986909422497e-03
8.604840115325092242e-03
8.263504942802533601e-03
7.984906728953531166e-03
7.734660102896494249e-03
7.502963474352065953e-03
7.402843896656820070e-03
7.367295606495583189e-03
7.324148197696633313e-03
7.311035724535380059e-03
7.390077566447323179e-03
7.541432254934964455e-03
7.702576217586047311e-03
7.934675304857018510e-03
8.232553119528782798e-03
8.436275271520222996e-03
7.522101872587856793e-03
3.693105099952384389e-03
6.025854226661055135e-03
1.123766121635698216e-02
1.039188947416331589e-02
9.898704432461359615e-03
9.495040824968520310e-03
9.154685302956462947e-03
8.882352730999253793e-03
8.719116718801734126e-03
8.651954463083449953e-03
8.626388505713580845e-03
8.627732401024806180e-03
8.739712187688644315e-03
8.915998411505188931e-03
9.122419528765220512e-03
9.390980637236817294e-03
9.762989543888666438e-03
1.005955382569195464e-02
9.061410706337183832e-03
5.645055360990028186e-03
4.320095318474181934e-02
2.948178171131708714e-02
2.927748147265551992e-02
2.907511471722223906e-02
2.892454616337606504e-02
2.878083134677312041e-02
2.855597458310323369e-02
2.835919157609547575e-02
2.819252202935414869e-02
2.817922729335419277e-02
2.831294027419939408e-02
2.845925902667111040e-02
2.857276853469953304e-02
2.868044313012737059e-02
2.882638692529234173e-02
2.896171349042082552e-02
2.905130786438510707e-02
2.882094493794114601e-02
5.654169481094569599e-02
4.338347151997971191e-02
3.043964233137156847e-02
2.992618205286052060e-02
2.987544038361066023e-02
2.978157397002390017e-02
2.964842603631215670e-02
2.946056825494113018e-02
2.925073454967916722e-02
2.900421280077059016e-02
2.891008227165431030e-02
2.907487922988525805e-02
2.927780558148475668e-02
2.942325908027283027e-02
2.957972696709306251e-02
2.972973461510384011e-02
2.981550462605201887e-02
2.995894659871924451e-02
2.905307439255387647e-02
5.243758688887504432e-02
4.209865796729309745e-02
2.964260907859018329e-02
2.940072955660624071e-02
2.948118317780429321e-02
2.951581573323027591e-02
2.948113442610388046e-02
2.932402498264835219e-02
2.904136212394662145e-02
2.866028336302874763e-02
2.848109054565429663e-02
2.863360312703537580e-02
2.887620936681146652e-02
2.906814161065506691e-02
2.921020615917362465e-02
2.932962348689771570e-02
2.932370135882129275e-02
2.933286121283492157e-02
2.826721621702795242e-02
5.061408795395942739e-02
4.109753091367956968e-02
2.876248071944876791e-02
2.860856636256387669e-02
2.874786893145678951e-02
2.883708312903365129e-02
2.885084475556464953e-02
2.870870112229699858e-02
2.839430020769981647e-02
2.793895763567049231e-02
2.765204407580911308e-02
2.778059035457976916e-02
2.804362955648605216e-02
2.825101721286773712e-02
2.838863494461529857e-02
2.845629682442913158e-02
2.836868161371309399e-02
2.831983060052950182e-02
2.745302005500009634e-02
4.890390214201522506e-02
4.035032550602742768e-02
2.810270033960473104e-02
2.801468194020937524e-02
2.808804942320470774e-02
2.811630533656028774e-02
2.805567247573643661e-02
2.790114399341687632e-02
2.760402671768240682e-02
2.717270312733846213e-02
2.690113224395333791e-02
2.704841512686585736e-02
2.730065198303902041e-02
2.743632481686056335e-02
2.753218946718189938e-02
2.757586892663616007e-02
2.751481984412833606e-02
2.746406895983708948e-02
2.682430497097642447e-02
4.738681858533048963e-02
3.964828531056234506e-02
2.744627086267079422e-02
2.740575780280648729e-02
2.740088400612138847e-02
2.736507255410495013e-02
2.727312307161827709e-02
2.707660096802123537e-02
2.672565229135016873e-02
2.633402025046413866e-02
2.609803825208585615e-02
2.624610059391962319e-02
2.651396752057010031e-02
2.668004162017613076e-02
2.677245510604283479e-02
2.677834836750814240e-02
2.672090554890567404e-02
2.669700096404715658e-02
2.624234579360648287e-02
4.596782953445225500e-02
3.905576760801550418e-02
2.682571788683329669e-02
2.680958238856433196e-02
2.675254465945779356e-02
2.664513781625930597e-02
2.650044084575078202e-02
2.626344715732417678e-02
2.592785211458598083e-02
2.552375003083111327e-02
2.529020225675138872e-02
2.544125084681053695e-02
2.570086098533787278e-02
2.586159416747419934e-02
2.593194883163661008e-02
2.594357826285166244e-02
2.592234782976646917e-02
2.595826537478460039e-02
2.563007258062493382e-02
4.475674130165413489e-02
3.866655358059765263e-02
2.635367129763511659e-02
2.635426558370459679e-02
2.627141216193160100e-02
2.612676756512628817e-02
2.596969270706176586e-02
2.578864024110036346e-02
2.551824636818611491e-02
2.515272720056037359e-02
2.493278199842531226e-02
2.502491934985330568e-02
2.523071470815841516e-02
2.536386262717312337e-02
2.544692952502263655e-02
2.548975981751533393e-02
2.545659332079430043e-02
2.547716211946043224e-02
2.520107111212325363e-02
4.391031006590960517e-02
3.857771412313801274e-02
2.622597065200544392e-02
2.618920666550936596e-02
2.604855952850759770e-02
2.592047940868220934e-02
2.583831706112378265e-02
2.570241186063583483e-02
2.545642774562313290e-02
2.511943457551198480e-02
2.490015093267780588e-02
2.496747058548339296e-02
2.515524434716734023e-02
2.527073351487721387e-02
2.531490009288265425e-02
2.536370804701765930e-02
2.534918110827876978e-02
2.536771469410151539e-02
2.512436515664401293e-02
4.366001374754187314e-02
3.864250970866581897e-02
2.624950130018469455e-02
2.624548375279936105e-02
2.612615658975627267e-02
2.603468343329756393e-02
2.592360750126512098e-02
2.574604931432906973e-02
2.550435707667102550e-02
2.521973170482948862e-02
2.507911492863746511e-02
2.520302034077578912e-02
2.539037122138558880e-02
2.544143032374447319e-02
2.540118708022653243e-02
2.540864196868792071e-02
2.541231236719105474e-02
2.545705368257548604e-02
2.520863383110255249e-02
4.384848341223311630e-02
3.872030146481239554e-02
2.631093983944148354e-02
2.641646117053619847e-02
2.632748552381175902e-02
2.625441189824718330e-02
2.607875727790675766e-02
2.583291438507707288e-02
2.558290363991097202e-02
2.532507972194723844e-02
2.518707006434871623e-02
2.528816783428192161e-02
2.550505635509752247e-02
2.561956783026865178e-02
2.559720783854184042e-02
2.558016810678456071e-02
2.553987341221064869e-02
2.555701014277053304e-02
2.528799481261266580e-02
4.427622578242054047e-02
3.923201544154180515e-02
2.673602396494721700e-02
2.685423182461359887e-02
2.678682598675766885e-02
2.668191697662823658e-02
2.648171971922051379e-02
2.622778502882343321e-02
2.599127727665313456e-02
2.575963334024768819e-02
2.558918542894598677e-02
2.566731789667312316e-02
2.590490237980672822e-02
2.605889961654192857e-02
2.612791908930425788e-02
2.611375274396922352e-02
2.605438005107722776e-02
2.604433378454757211e-02
2.575154929944913768e-02
4.512207987863723485e-02
3.489019316516510372e-02
2.261970848579929194e-02
2.239992944018481466e-02
2.223195877793716912e-02
2.203168102813093596e-02
2.176885070539500561e-02
2.146429664631412451e-02
2.120658012285624519e-02
2.097611338635013700e-02
2.081789754841425685e-02
2.090542752938727780e-02
2.114935607779516030e-02
2.135387977508649421e-02
2.146545412115854687e-02
2.154076636490756536e-02
2.163634654757094766e-02
2.171573610011845457e-02
2.135169168694378561e-02
4.134525538144045997e-02
8.714338161520761294e-02
7.579332743605522726e-02
7.532784323496360956e-02
7.512116649052867634e-02
7.491572967947346395e-02
7.471806189132063070e-02
7.449264233732877383e-02
7.426405355375106931e-02
7.406258444590110845e-02
7.391414234736194688e-02
7.391397805409888333e-02
7.401574372592037432e-02
7.408657502474849665e-02
7.413863132424550195e-02
7.418147549563891552e-02
7.423440384538206038e-02
7.418169371722495298e-02
7.362341015959439350e-02
8.841646293744649665e-02
